#Sunny day 0
10.12 155.5 1573.66
13.13 134 1759.42
15.75 80.8 1272.6
16.30 55.5 904.65
16.59 42.3 701.757
16.75 34.1 571.175
16.85 28.5 480.225
16.88 24.4 411.872
16.96 21.3 361.248
14.84 101.3 1503.29
17.12 9.3 159.216
17.06 15.3 261.018
17.09 14.0 239.26
17.06 12.9 220.074
17.07 12.0 204.84
17.09 11.2 191.408
17.14 10.5 179.97
17.16 9.9 169.884
17.12 8.3 142.096
17.12 7.9 135.248
17.11 8.8 150.568
13.00 131.8 1713.4
12.78 129.8 1658.84
7.52 154.0 1158.08
14.73 99.5 1465.63
13.01 130.4 1696.5
13.06 130.6 1705.64
12.99 130.4 1693.9
15.08 87.6 1321.01
